NAME : single
TYPE : ATSP
DIMENSION : 23
EDGE_WEIGHT_TYPE : EXPLICIT
EDGE_WEIGHT_FORMAT : FULL_MATRIX
EDGE_WEIGHT_SECTION
0 1813 1719 1708 1686 1331 1333 1061 1043 1015 915 869 611 652 695 632 678 571 497 254 572 252 134 
0 0 169 250 119 406 382 708 721 764 838 879 1230 1225 1286 1346 1194 1350 1405 1504 1254 1676 1560 
0 169 0 80 222 286 288 618 629 664 747 716 1118 1119 1174 1226 1094 1195 1241 1391 1152 1543 1447 
0 250 80 0 296 309 284 610 621 656 739 771 1132 1130 1176 1239 1097 1227 1274 1399 1178 1567 1456 
0 119 222 296 0 260 263 586 598 634 716 747 1111 1101 1164 1223 1073 1206 1240 1377 1135 1539 1450 
0 406 286 309 260 0 247 311 315 350 404 430 833 819 893 938 794 884 940 1078 851 1266 1151 
0 382 288 284 263 247 0 320 322 357 406 430 822 817 878 939 785 914 962 1089 844 1266 1163 
0 708 618 610 586 311 320 0 99 187 210 292 618 651 683 717 628 714 770 850 670 1050 936 
0 721 629 621 598 315 322 99 0 87 124 192 580 622 675 688 622 694 740 837 640 1011 911 
0 764 664 656 634 350 357 187 87 0 101 147 572 620 639 671 583 712 765 814 624 963 870 
0 838 747 739 716 404 406 210 124 101 0 81 447 480 541 546 474 559 628 680 500 896 766 
0 879 716 771 747 430 430 292 192 147 81 0 391 440 469 508 419 432 496 651 457 808 724 
0 1230 1118 1132 1111 833 822 618 580 572 447 391 0 136 98 144 260 233 153 326 73 591 403 
0 1225 1119 1130 1101 819 817 651 622 620 480 440 136 0 87 74 124 98 150 349 209 628 434 
0 1286 1174 1176 1164 893 878 683 675 639 541 469 98 87 0 95 211 184 186 385 122 659 473 
0 1346 1226 1239 1223 938 939 717 688 671 546 508 144 74 95 0 116 116 135 314 217 557 407 
0 1194 1094 1097 1073 794 785 628 622 583 474 419 260 124 211 116 0 114 176 379 265 685 461 
0 1350 1195 1227 1206 884 914 714 694 712 559 432 233 98 184 116 114 0 79 294 293 517 369 
0 1405 1241 1274 1240 940 962 770 740 765 628 496 153 150 186 135 176 79 0 221 227 434 325 
0 1504 1391 1399 1377 1078 1089 850 837 814 680 651 326 349 385 314 379 294 221 0 272 179 100 
0 1254 1152 1178 1135 851 844 670 640 624 500 457 73 209 122 217 265 293 227 272 0 505 357 
0 1676 1543 1567 1539 1266 1266 1050 1011 963 896 808 591 628 659 557 685 517 434 179 505 0 206 
0 1560 1447 1456 1450 1151 1163 936 911 870 766 724 403 434 473 407 461 369 325 100 357 206 0 
EOF