%YAML:1.0
---
model_type: PINHOLE
camera_name: camera
image_width: 848
image_height: 480
distortion_parameters:
   k1: 1.6129217020826444e-03
   k2: -1.3393957767594256e-03
   p1: -2.4272593043860377e-04
   p2: 1.0051832445349470e-03
projection_parameters:
   fx: 4.2741255483729958e+02
   fy: 4.2712321067145098e+02
   cx: 4.2858985326234335e+02
   cy: 2.3654932642908759e+02
